snail
if n = 2
[[1, 2],
 [4, 3]]
[0][0], [0][1], [1][1], [1][0]
if n = 3
[[9, 3, 6],
 [4, 2, 8],
 [7, 1, 5]]
result should be [9, 3, 6, 8, 5, 1, 7, 4, 2]
resulting coordinate order of snail array of length nxn where n = 3 will always be:
[0][0], [0][1], [0][2], [1][2], [2][2], [2][1], [2][0], [1][0], [1][1]
if n = 4
[[1, 2, 3, 4],
 [5, 6, 7, 8],
 [9, 1, 2, 3],
 [4, 5, 6, 7]]
[0][0], [0][1], [0][2], [0][3], [1][3], [2][3], [3][3], [3][2], [3][1], [3][0], [2][0], [1][0], [1][1], [1][2], [2][2], [2][1]
if n = 5
[[1,  2,  3,  4,   5],
 [6,  7,  8,  9,  10],
 [11, 12, 13, 14, 15],
 [16, 17, 18, 19, 20],
 [21, 22, 23, 24, 25]]
[0][0], [0][1], [0][2], [0][3], [0][4], [1][4], [2][4], [3][4], [4][4], [4][3], [4][2], [4][1], [4][0], [3][0], [2][0], [1][0], [1][1], [1][2], [1][3], [2][3], [3][3], [3][2], [3][1], [2][1], 
[2][2]
if n = 6
[[1,  2,  3,  4,   5, 6],
 [20, 21, 22, 23, 24, 7],
 [19, 32, 33, 34, 25, 8],
 [18, 31, 36, 35, 26, 9],
 [17, 30, 29, 28, 27, 10],
 [16, 15, 14, 13, 12, 11]]
[0][0], [0][1], [0][2], [0][3], [0][4], [0][5], [1][5], [2][5], [3][5], [4][5], [5][5], [5][4], [5][3], [5][2], [5][1], [5][0], [4][0], [3][0], [2][0], [1][0], [1][1], [1][2], [1][3], [1][4], 
[2][4], [3][4], [4][4], [4][3], [4][2], [4][1], [3][1], [2][1], [2][2], [2][3], [3][3], [3][2]
[max][=] n
min = 0
a = 0
b = 0
res = new int[n * n]
i = 0
while max > min
	while b < max
		res[i] = arr[a][b]
		i++
		b++
	while a < max
		res[i] = arr[a][b]
		i++
		a++
	max--
	while b > min
		res[i] = arr[a][b]
		i++
		b--
	min++
	while a > min
		res[i] = arr[a][b]
		i++
		a--
